10 8 13.81000
12 8 11.14000
14 8 8.41000
16 8 4.58999
18 8 1.43000
20 8 -0.59000
22 8 -1.70000
24 8 -2.70998
26 8 -6.97001
28 8 -2.62001
30 8 -9.20998
32 8 -5.40002
34 8 -9.80999
10 10 26.44000
12 10 17.15999
14 10 14.64002
16 10 9.63999
18 10 6.30000
20 10 3.89000
22 10 2.83003
24 10 0.53999
26 10 -1.84001
28 10 -0.21000
30 10 -5.81999
32 10 -4.38998
34 10 -6.99001
36 10 -3.63003
38 10 -9.12996
40 10 -8.02002
10 12 32.66000
12 12 28.24000
14 12 19.31000
16 12 14.01000
18 12 11.46998
20 12 8.61001
22 12 6.15001
24 12 4.68998
26 12 2.67001
28 12 2.83000
30 12 -2.22999
32 12 -2.72001
34 12 -3.28002
36 12 -4.42998
38 12 -5.18000
40 12 -5.30000
42 12 -7.85997
44 12 -5.33002
46 12 -7.54000
10 14 39.40000
12 14 32.78002
14 14 28.60999
16 14 19.37001
18 14 16.18001
20 14 12.83000
22 14 10.05997
24 14 7.79002
26 14 6.09999
28 14 6.93998
30 14 0.97002
32 14 0.19998
34 14 -0.45998
36 14 -2.19000
38 14 -3.43001
40 14 -3.21001
42 14 -4.64996
44 14 -4.58001
46 14 -5.20003
48 14 -5.16000
50 14 -3.61995
52 14 -11.87002
54 14 -8.55998
10 16 44.35999
12 16 37.59001
14 16 33.57000
16 16 28.05001
18 16 20.01000
20 16 17.34000
22 16 13.60999
24 16 11.83000
26 16 10.35000
28 16 8.06999
30 16 5.66001
32 16 3.49001
34 16 2.23998
36 16 0.60999
38 16 -0.38001
40 16 -1.33998
42 16 -2.43998
44 16 -3.07004
46 16 -3.09000
48 16 -3.89995
50 16 -4.50005
52 16 -5.18997
54 16 -6.37002
56 16 -6.45002
58 16 -8.87000
60 16 -7.59998
12 18 43.37999
14 18 38.13000
16 18 32.13002
18 18 27.81000
20 18 21.70998
22 18 17.90001
24 18 15.55999
26 18 13.18000
28 18 11.84000
30 18 8.07999
32 18 6.39002
34 18 5.33999
36 18 2.93001
38 18 2.69002
40 18 1.42996
42 18 0.45999
44 18 -1.36000
46 18 -1.01996
48 18 -1.49000
50 18 -2.26000
52 18 -4.13005
54 18 -5.08999
56 18 -5.04998
58 18 -5.74000
60 18 -6.88000
62 18 -8.66999
64 18 -8.01000
12 20 47.97001
14 20 42.75000
16 20 36.27000
18 20 32.08997
20 20 28.90002
22 20 21.62000
24 20 19.03999
26 20 17.22002
28 20 14.97997
30 20 10.97002
32 20 8.60998
34 20 7.27001
36 20 6.14999
38 20 4.97000
40 20 4.43001
42 20 2.82001
44 20 2.01003
46 20 1.40000
48 20 0.83998
50 20 -0.03002
52 20 -2.49998
54 20 -3.74003
56 20 -4.17998
58 20 -4.29998
60 20 -4.91001
62 20 -8.06001
64 20 -7.06002
66 20 -6.64998
68 20 -6.93995
70 20 -7.06005
72 20 -7.83998
14 22 45.68999
16 22 40.15002
18 22 36.13998
20 22 32.37999
22 22 28.17000
24 22 22.38000
26 22 21.07002
28 22 18.23000
30 22 14.00999
32 22 11.56003
34 22 9.48999
36 22 9.00000
38 22 7.78998
40 22 6.72002
42 22 5.38001
44 22 4.46999
46 22 3.48998
48 22 3.23000
50 22 2.11998
52 22 -0.76994
54 22 -2.02007
56 22 -2.77999
58 22 -3.24998
60 22 -4.26004
62 22 -4.99999
64 22 -5.05000
66 22 -5.11998
68 22 -5.56998
70 22 -5.64003
72 22 -6.28997
74 22 -6.67998
76 22 -6.14008
16 24 43.74001
18 24 39.32998
20 24 36.14004
22 24 31.49998
24 24 29.03000
26 24 23.84000
28 24 21.63001
30 24 16.50000
32 24 14.75000
34 24 12.76997
36 24 11.30000
38 24 10.13005
40 24 9.29000
42 24 7.75000
44 24 6.76999
46 24 6.01000
48 24 4.97999
50 24 4.40996
52 24 1.03003
54 24 -0.36002
56 24 -1.12999
58 24 -1.74000
60 24 -2.19996
62 24 -2.59007
64 24 -3.51000
66 24 -3.88001
68 24 -4.38998
70 24 -4.49995
72 24 -4.76000
74 24 -4.91002
76 24 -4.90003
78 24 -5.68005
18 26 42.91999
20 26 39.32000
22 26 35.06998
24 26 31.90002
26 26 29.76999
28 26 24.57000
30 26 19.57000
32 26 17.38003
34 26 15.53996
36 26 13.99000
38 26 12.75000
40 26 11.59004
42 26 10.09000
44 26 8.83001
46 26 8.21997
48 26 7.27999
50 26 6.66005
52 26 2.73999
54 26 1.33997
56 26 0.30002
58 26 -0.02006
60 26 -0.99000
62 26 -0.40995
64 26 -1.53000
66 26 -2.27003
68 26 -2.60000
70 26 -3.11001
72 26 -3.55000
74 26 -3.52998
76 26 -3.69997
78 26 -4.24008
80 26 -4.23998
20 28 43.05998
22 28 38.28002
24 28 35.14998
26 28 32.74003
28 28 29.95001
30 28 22.58999
32 28 19.97996
34 28 17.77001
36 28 17.04003
38 28 15.19996
40 28 14.03002
42 28 12.41003
44 28 11.19998
46 28 10.36998
48 28 9.65004
50 28 8.58000
52 28 4.42998
54 28 3.01997
56 28 2.16999
58 28 1.47002
60 28 0.47006
62 28 0.95997
64 28 0.63002
66 28 -0.63003
68 28 -0.86001
70 28 -1.51995
72 28 -2.28003
74 28 -2.10999
76 28 -2.40002
78 28 -2.56994
80 28 -2.66009
82 28 -3.13992
24 30 37.51998
26 30 35.37000
28 30 32.99001
30 30 26.91998
32 30 22.80002
34 30 21.05000
36 30 19.58001
38 30 17.79998
40 30 16.39999
42 30 14.82001
44 30 13.31002
46 30 12.62998
48 30 11.54998
50 30 10.74002
52 30 6.07996
54 30 5.21001
56 30 4.56998
58 30 3.48007
60 30 2.82996
62 30 2.82000
64 30 1.60000
66 30 1.12005
68 30 0.74000
70 30 0.08997
72 30 -0.73996
74 30 -1.10001
76 30 -0.82002
78 30 -1.31002
80 30 -1.37000
82 30 -1.63004
26 32 38.04000
28 32 34.97997
30 32 29.91998
32 32 28.24001
34 32 23.74004
36 32 22.03998
38 32 19.74000
40 32 18.83002
42 32 16.99995
44 32 15.46003
46 32 14.87999
48 32 13.70999
50 32 12.48999
52 32 8.15001
54 32 7.51003
56 32 6.46999
58 32 5.43999
60 32 4.69995
62 32 4.21001
64 32 3.39005
66 32 2.95997
68 32 2.49002
70 32 1.80003
72 32 0.82993
74 32 0.17007
76 32 -0.10999
78 32 0.25998
80 32 -0.02999
82 32 -0.30003
84 32 -4.28995
28 34 37.45996
30 34 33.01002
32 34 30.56997
34 34 28.35003
36 34 24.56997
38 34 22.21000
40 34 20.76004
42 34 19.44002
44 34 17.63998
46 34 17.08000
48 34 15.87001
50 34 14.18001
52 34 10.25001
54 34 8.92001
56 34 8.72998
58 34 7.34003
60 34 6.71998
62 34 6.12995
64 34 4.91998
66 34 4.77005
68 34 4.34996
70 34 3.27007
72 34 2.29994
74 34 1.69006
76 34 1.15999
78 34 1.27996
80 34 1.35999
82 34 1.19000
84 34 -3.08994
86 34 -3.71008
30 36 35.37004
32 36 33.10994
34 36 31.01002
36 36 28.74003
38 36 24.77000
40 36 22.92994
42 36 21.27001
44 36 20.13002
46 36 19.08003
48 36 18.06995
50 36 16.42999
52 36 11.95008
54 36 10.28998
56 36 10.48998
58 36 9.26005
60 36 9.05997
62 36 7.94003
64 36 6.79996
66 36 6.31004
68 36 5.67997
70 36 4.71996
72 36 3.59007
74 36 2.85999
76 36 2.79998
78 36 3.00003
80 36 2.54996
82 36 2.91993
84 36 -1.91990
86 36 -2.75000
88 36 -2.79003
32 38 35.68001
34 38 33.45002
36 38 31.39995
38 38 29.58004
40 38 25.28997
42 38 22.81002
44 38 21.99003
46 38 21.37998
48 38 20.22001
50 38 18.49001
52 38 13.76996
54 38 11.99005
56 38 11.97997
58 38 11.50000
60 38 10.99996
62 38 9.64004
64 38 8.55999
66 38 7.82997
68 38 7.19003
70 38 6.11005
72 38 4.78001
74 38 4.15998
76 38 4.66999
78 38 4.46999
80 38 3.92003
82 38 4.34996
84 38 -0.73001
86 38 -1.52005
88 38 -1.72993
90 38 -1.99998
92 38 -2.32005
34 40 35.35000
36 40 33.86999
38 40 31.87000
40 40 29.10001
42 40 24.94003
44 40 24.27994
46 40 23.40999
48 40 22.27002
50 40 20.53000
52 40 15.67998
54 40 13.53004
56 40 13.97998
58 40 12.93999
60 40 12.67002
62 40 11.42998
64 40 10.27001
66 40 9.38001
68 40 8.69998
70 40 7.73004
72 40 6.18998
74 40 5.99999
76 40 6.23001
78 40 5.66998
80 40 5.40006
82 40 5.77000
84 40 0.48995
86 40 -0.32997
88 40 -0.55006
90 40 -0.76998
92 40 -1.30004
94 40 -0.72999
96 40 -1.21990
38 42 34.00004
40 42 31.21998
42 42 29.54005
44 42 26.58998
46 42 25.16997
48 42 24.25004
50 42 22.55002
52 42 17.61993
54 42 15.56003
56 42 15.42999
58 42 14.44001
60 42 13.98998
62 42 13.05002
64 42 11.68003
66 42 11.03002
68 42 10.36991
70 42 9.21001
72 42 8.18003
74 42 8.07997
76 42 7.81007
78 42 6.77000
80 42 6.83999
82 42 7.18995
84 42 1.70005
86 42 0.90002
88 42 0.45995
90 42 0.29004
92 42 0.07991
94 42 0.32999
96 42 -0.30000
98 42 -0.31993
100 42 -0.68997
102 42 -1.16010
40 44 33.70001
42 44 31.80002
44 44 29.73998
46 44 27.63998
48 44 26.25008
50 44 24.45997
52 44 19.45003
54 44 17.21997
56 44 17.47998
58 44 15.82997
60 44 15.28007
62 44 14.44997
64 44 13.59999
66 44 12.64996
68 44 11.67000
70 44 11.03008
72 44 10.09999
74 44 9.44995
76 44 9.06007
78 44 8.44992
80 44 8.40010
82 44 8.59991
84 44 2.94000
86 44 2.06001
88 44 1.59007
90 44 1.12996
92 44 1.45001
94 44 1.38994
96 44 0.92008
98 44 0.52991
100 44 0.34002
102 44 -0.14992
104 44 -0.75006
106 44 -1.35004
42 46 33.73995
44 46 32.49003
46 46 30.84999
48 46 28.17005
50 46 26.38995
52 46 21.21006
54 46 19.04995
56 46 18.78001
58 46 17.97994
60 46 16.61003
62 46 15.66005
64 46 15.14994
66 46 14.15000
68 46 13.57002
70 46 12.45999
72 46 11.63997
74 46 10.90006
76 46 10.70998
78 46 10.05003
80 46 10.34998
82 46 9.49003
84 46 4.38004
86 46 3.23995
88 46 2.76003
90 46 2.38993
92 46 2.20010
94 46 2.36991
96 46 1.94004
98 46 1.66001
100 46 1.48997
102 46 0.71007
104 46 0.26988
106 46 -0.15999
108 46 -0.38989
110 46 -0.67001
44 48 34.26002
46 48 32.80998
48 48 31.44996
50 48 28.27002
52 48 23.00000
54 48 20.72001
56 48 20.25995
58 48 19.28005
60 48 18.25003
62 48 17.26995
64 48 16.38007
66 48 15.59995
68 48 14.87999
70 48 13.99001
72 48 13.36005
74 48 13.22002
76 48 12.26000
78 48 11.93990
80 48 11.53007
82 48 10.85993
84 48 5.60003
86 48 4.43006
88 48 3.94999
90 48 3.32990
92 48 3.37008
94 48 2.79995
96 48 3.10002
98 48 2.75007
100 48 2.35990
102 48 1.88009
104 48 1.29988
106 48 0.84003
108 48 0.60009
110 48 0.49992
112 48 0.13003
114 48 -0.50005
46 50 34.71996
48 50 33.31998
50 50 31.39003
52 50 24.70998
54 50 22.60999
56 50 21.57001
58 50 20.37000
60 50 19.81005
62 50 18.90002
64 50 17.97999
66 50 17.12999
68 50 16.23995
70 50 15.70003
72 50 15.08994
74 50 14.47001
76 50 13.92003
78 50 13.40005
80 50 12.88997
82 50 11.91996
84 50 6.86003
86 50 5.62000
88 50 5.13006
90 50 4.58997
92 50 4.18996
94 50 4.07999
96 50 3.52999
98 50 3.89011
100 50 3.39998
102 50 2.93995
104 50 2.42004
106 50 1.82994
108 50 1.54010
110 50 1.20000
112 50 0.95998
114 50 1.04998
116 50 0.82990
118 50 0.50011
50 52 33.02996
52 52 27.66009
54 52 24.31995
56 52 23.70002
58 52 22.56994
60 52 21.45006
62 52 20.73996
64 52 19.55008
66 52 18.61999
68 52 18.01000
70 52 17.05990
72 52 16.40008
74 52 15.80001
76 52 15.13996
78 52 14.95000
80 52 14.27996
82 52 13.09002
84 52 8.24997
86 52 6.90000
88 52 6.51009
90 52 6.37998
92 52 5.88996
94 52 5.68002
96 52 5.59003
98 52 4.88994
100 52 4.40012
102 52 4.02996
104 52 3.43992
106 52 2.93012
108 52 2.47001
110 52 2.11996
112 52 1.67003
114 52 1.92001
116 52 1.64991
118 52 1.46997
120 52 0.97001
122 52 1.30006
124 52 0.81005
52 54 29.40999
54 54 28.11005
56 54 25.85994
58 54 24.73003
60 54 23.20997
62 54 22.36001
64 54 21.20000
66 54 20.33001
68 54 19.18998
70 54 18.28002
72 54 17.77005
74 54 16.61996
76 54 16.00000
78 54 15.91004
80 54 15.79001
82 54 14.44992
84 54 9.49999
86 54 8.43010
88 54 8.48001
90 54 8.03987
92 54 7.68010
94 54 7.29992
96 54 6.67004
98 54 6.20003
100 54 5.58003
102 54 5.14994
104 54 4.66996
106 54 3.96012
108 54 3.44997
110 54 3.09999
112 54 2.65993
114 54 2.48002
116 54 2.13993
118 54 2.46009
120 54 1.76000
122 54 1.99006
124 54 1.76993
126 54 1.36999
128 54 -2.84000
54 56 30.86991
56 56 28.83008
58 56 26.21996
60 56 25.22001
62 56 24.05998
64 56 22.53001
66 56 21.89998
68 56 20.68005
70 56 19.66994
72 56 18.74006
74 56 18.07003
76 56 16.85999
78 56 16.77999
80 56 16.79997
82 56 15.83003
84 56 10.88994
86 56 10.01001
88 56 10.35008
90 56 9.82990
92 56 8.93009
94 56 8.69994
96 56 7.94004
98 56 7.47003
100 56 6.85995
102 56 6.34992
104 56 5.63006
106 56 4.97992
108 56 4.40004
110 56 4.05011
112 56 3.58998
114 56 3.33991
116 56 2.99002
118 56 3.02003
120 56 2.50997
122 56 2.70004
124 56 2.85005
126 56 2.10994
128 56 -1.89001
130 56 -2.51003
132 56 -1.80005
58 58 29.50006
60 58 27.45999
62 58 25.63001
64 58 24.21995
66 58 23.12003
68 58 21.98003
70 58 20.83998
72 58 19.81001
74 58 19.15002
76 58 18.22991
78 58 17.68003
80 58 17.74005
82 58 17.25000
84 58 12.17993
86 58 11.58006
88 58 12.07996
90 58 10.85999
92 58 11.06005
94 58 10.06999
96 58 9.31990
98 58 8.67002
100 58 8.00010
102 58 7.35994
104 58 6.59998
106 58 5.95997
108 58 5.40009
110 58 4.85990
112 58 4.59012
114 58 4.24999
116 58 3.85000
118 58 3.84990
120 58 3.37006
122 58 3.32993
124 58 3.78015
126 58 2.98990
128 58 -0.98998
130 58 -1.67005
132 58 -0.83990
134 58 -0.79998
136 58 -1.05007
60 60 30.30999
62 60 27.27998
64 60 25.63998
66 60 24.45010
68 60 23.24000
70 60 22.04997
72 60 20.76997
74 60 20.33999
76 60 19.36999
78 60 18.89007
80 60 18.80991
82 60 18.48009
84 60 13.45990
86 60 12.89999
88 60 13.35009
90 60 12.88992
92 60 12.52003
94 60 11.48999
96 60 10.63997
98 60 9.93001
100 60 9.13005
102 60 8.47998
104 60 7.55002
106 60 6.81008
108 60 6.39984
110 60 5.81009
112 60 5.50003
114 60 5.15998
116 60 4.71000
118 60 4.73000
120 60 4.05990
122 60 4.15013
124 60 4.71990
126 60 3.81000
128 60 -0.11997
130 60 -0.52990
132 60 -0.04006
134 60 -0.06996
136 60 0.09997
138 60 -0.03012
140 60 -0.16992
64 62 27.14995
66 62 25.91005
68 62 24.67007
70 62 23.49997
72 62 22.18993
74 62 21.20999
76 62 20.79006
78 62 20.04995
80 62 19.92006
82 62 19.58998
84 62 14.73004
86 62 14.32996
88 62 14.54005
90 62 14.20998
92 62 13.83990
94 62 12.78011
96 62 11.99000
98 62 11.24995
100 62 10.38997
102 62 9.69999
104 62 8.66009
106 62 7.96989
108 62 7.36007
110 62 6.80003
112 62 6.35992
114 62 6.11007
116 62 5.73001
118 62 5.39989
120 62 4.79001
122 62 5.14000
124 62 5.45016
126 62 4.65991
128 62 0.72004
130 62 0.54992
132 62 0.83000
134 62 0.59005
136 62 1.10008
138 62 0.80992
140 62 0.72994
142 62 0.47008
144 62 0.09990
146 62 -0.14983
66 64 27.51003
68 64 26.61997
70 64 25.01007
72 64 23.52994
74 64 22.70998
76 64 21.84000
78 64 21.18002
80 64 20.78994
82 64 21.01007
84 64 16.00995
86 64 15.44005
88 64 15.87996
90 64 15.34997
92 64 14.90011
94 64 14.01994
96 64 13.22002
98 64 12.56996
100 64 11.73001
102 64 10.95008
104 64 9.96002
106 64 9.17991
108 64 8.54004
110 64 7.86998
112 64 7.34000
114 64 6.88996
116 64 6.55998
118 64 6.13010
120 64 5.94995
122 64 5.88006
124 64 6.15994
126 64 5.46004
128 64 1.59995
130 64 1.49010
132 64 1.69991
134 64 1.39002
136 64 1.86002
138 64 1.76010
140 64 1.43991
142 64 1.31996
144 64 1.08007
146 64 0.51998
148 64 -0.02993
150 64 -0.52014
70 66 26.69997
72 66 24.89999
74 66 23.86997
76 66 23.02005
78 66 22.16004
80 66 22.22001
82 66 22.07990
84 66 17.30999
86 66 16.56010
88 66 17.03995
90 66 16.47003
92 66 15.93994
94 66 15.15012
96 66 14.48987
98 66 13.81008
100 66 13.01001
102 66 12.16998
104 66 11.26999
106 66 10.47000
108 66 9.82992
110 66 8.92012
112 66 8.24998
114 66 7.91999
116 66 7.49997
118 66 6.79996
120 66 6.98999
122 66 6.65000
124 66 6.95999
126 66 6.21013
128 66 2.48991
130 66 2.23004
132 66 2.47000
134 66 2.30999
136 66 2.79994
138 66 2.43000
140 66 2.26005
142 66 2.16010
144 66 1.71992
146 66 1.47993
148 66 0.93001
150 66 0.23010
152 66 0.00998
154 66 -0.52010
72 68 26.23009
74 68 25.08002
76 68 24.40999
78 68 23.35001
80 68 23.37993
82 68 22.85996
84 68 18.65001
86 68 17.85005
88 68 18.12995
90 68 17.42012
92 68 16.93992
94 68 16.35996
96 68 15.71004
98 68 15.09007
100 68 14.19001
102 68 13.42000
104 68 12.54993
106 68 11.76998
108 68 11.07996
110 68 10.05998
112 68 9.38011
114 68 8.88992
116 68 8.37997
118 68 7.73010
120 68 7.90994
122 68 7.44004
124 68 7.84007
126 68 6.97002
128 68 3.38986
130 68 2.82000
132 68 3.35006
134 68 3.15999
136 68 3.55000
138 68 3.22995
140 68 3.01001
142 68 2.91010
144 68 2.49996
146 68 2.09005
148 68 1.81989
150 68 1.41995
152 68 0.88002
154 68 0.30017
156 68 -0.11017
158 68 -0.38981
76 70 25.63990
78 70 24.68002
80 70 24.64996
82 70 24.01010
84 70 19.79998
86 70 18.98995
88 70 19.15003
90 70 18.37000
92 70 17.85996
94 70 17.36999
96 70 16.86008
98 70 16.20001
100 70 15.36995
102 70 14.65992
104 70 13.78000
106 70 13.16016
108 70 12.33988
110 70 11.24010
112 70 10.57988
114 70 9.99014
116 70 9.27999
118 70 8.74985
120 70 8.86000
122 70 8.40008
124 70 8.74999
126 70 7.86003
128 70 4.17993
130 70 3.55005
132 70 4.07993
134 70 3.97017
136 70 3.98996
138 70 4.12985
140 70 3.81018
142 70 3.56998
144 70 3.26984
146 70 2.95012
148 70 2.59993
150 70 2.26996
152 70 1.68003
154 70 1.16003
156 70 0.65993
158 70 0.56010
160 70 0.70003
162 70 0.17991
164 70 -0.79991
80 72 25.89998
82 72 25.25995
84 72 21.18001
86 72 19.90007
88 72 20.02008
90 72 19.54998
92 72 18.76990
94 72 18.25008
96 72 17.74990
98 72 17.17014
100 72 16.39999
102 72 15.71992
104 72 15.07004
106 72 14.41988
108 72 13.53011
110 72 12.46999
112 72 11.83001
114 72 11.18997
116 72 10.50009
118 72 10.00999
120 72 9.57988
122 72 9.64013
124 72 9.66001
126 72 8.63991
128 72 5.29003
130 72 4.36000
132 72 4.57003
134 72 4.75994
136 72 4.51996
138 72 4.87008
140 72 4.54005
142 72 4.26993
144 72 4.01998
146 72 3.69992
148 72 3.36001
150 72 3.09001
152 72 2.52007
154 72 2.00995
156 72 1.55004
158 72 1.43009
160 72 1.50998
162 72 1.16001
164 72 -0.06004
166 72 -0.47000
168 72 -0.55994
82 74 26.66012
84 74 22.03997
86 74 21.12005
88 74 21.00989
90 74 20.39010
92 74 19.94992
94 74 19.20993
96 74 18.60016
98 74 18.02994
100 74 17.32998
102 74 16.74999
104 74 16.16007
106 74 15.57998
108 74 14.63996
110 74 13.59993
112 74 13.07012
114 74 12.43996
116 74 11.71001
118 74 11.57994
120 74 10.36994
122 74 10.81013
124 74 10.64989
126 74 9.60007
128 74 6.18007
130 74 5.32002
132 74 5.07982
134 74 5.48013
136 74 5.23000
138 74 5.23000
140 74 5.39996
142 74 4.99004
144 74 4.65005
146 74 4.49982
148 74 4.17013
150 74 3.88004
152 74 3.30995
154 74 2.72001
156 74 2.33985
158 74 2.30011
160 74 2.33001
162 74 1.99989
164 74 0.68998
166 74 0.34001
168 74 0.01999
170 74 0.12019
172 74 -0.31009
86 76 21.91004
88 76 21.84994
90 76 21.35008
92 76 20.69996
94 76 20.41000
96 76 19.49005
98 76 18.92988
100 76 18.30013
102 76 17.73000
104 76 17.19986
106 76 16.57007
108 76 15.73003
110 76 14.73996
112 76 14.04996
114 76 13.41003
116 76 13.45007
118 76 12.84003
120 76 11.60982
122 76 12.08014
124 76 11.54994
126 76 10.53000
128 76 7.06997
130 76 6.17994
132 76 5.83010
134 76 6.08003
136 76 6.00005
138 76 5.78994
140 76 5.78991
142 76 5.85016
144 76 5.37983
146 76 5.11018
148 76 4.90987
150 76 4.56992
152 76 4.05009
154 76 3.44011
156 76 3.12994
158 76 3.13007
160 76 3.01980
162 76 2.61005
164 76 1.60005
166 76 1.10011
168 76 0.81985
170 76 0.94997
172 76 0.57015
174 76 0.70992
176 76 -0.36006
90 78 21.83996
92 78 21.54994
94 78 20.93009
96 78 20.37990
98 78 19.95008
100 78 19.31005
102 78 18.62000
104 78 18.15000
106 78 17.52997
108 78 16.68998
110 78 15.69991
112 78 15.15003
114 78 15.14010
116 78 14.58987
118 78 14.06015
120 78 13.77995
122 78 13.12997
124 78 12.45993
126 78 11.39011
128 78 7.96997
130 78 7.05002
132 78 6.88991
134 78 6.65002
136 78 6.47009
138 78 6.49995
140 78 6.29002
142 78 6.44006
144 78 6.08983
146 78 5.80006
148 78 5.67997
150 78 5.25006
152 78 4.74000
154 78 4.08994
156 78 3.73012
158 78 3.74996
160 78 3.62008
162 78 3.30982
164 78 2.40004
166 78 1.82995
168 78 1.62013
170 78 1.76003
172 78 1.87993
174 78 1.59010
176 78 1.32000
178 78 0.86990
180 78 -0.01011
182 78 -0.42993
92 80 22.26996
94 80 21.70007
96 80 21.14001
98 80 20.67002
100 80 20.09996
102 80 19.62008
104 80 19.06001
106 80 18.45002
108 80 17.81988
110 80 17.28006
112 80 16.70992
114 80 16.22012
116 80 15.77987
118 80 15.24015
120 80 14.67991
122 80 14.21007
124 80 13.35996
126 80 12.50987
128 80 8.89020
130 80 7.90990
132 80 7.62002
134 80 7.43996
136 80 7.11003
138 80 7.14006
140 80 6.81988
142 80 7.05007
144 80 6.77008
146 80 6.50981
148 80 6.33005
150 80 6.04995
152 80 5.43011
154 80 4.69995
156 80 4.38002
158 80 4.40001
160 80 4.21010
162 80 3.90985
164 80 3.15013
166 80 2.80994
168 80 3.22009
170 80 2.97991
172 80 2.62001
174 80 2.21994
176 80 2.06018
178 80 1.48998
180 80 0.72983
182 80 0.55019
184 80 0.38998
186 80 -2.15008
96 82 22.19986
98 82 21.71015
100 82 21.09994
102 82 20.48006
104 82 19.90994
106 82 19.34991
108 82 18.84008
110 82 18.34006
112 82 17.82988
114 82 17.30005
116 82 16.77999
118 82 16.23000
120 82 15.72006
122 82 15.18999
124 82 14.68000
126 82 13.52005
128 82 9.78980
130 82 8.79013
132 82 8.47007
134 82 8.18982
136 82 8.07008
138 82 7.78996
140 82 7.50014
142 82 7.41993
144 82 7.70995
146 82 7.24007
148 82 7.00993
150 82 6.76000
152 82 6.18010
154 82 5.37987
156 82 5.00006
158 82 4.97999
160 82 4.92989
162 82 4.63001
164 82 3.95007
166 82 4.12004
168 82 3.70999
170 82 3.76002
172 82 3.20007
174 82 2.72987
176 82 2.63013
178 82 2.06990
180 82 2.03997
182 82 1.69011
184 82 0.94986
186 82 -1.51981
188 82 -2.13998
190 82 -1.53001
100 84 22.56995
102 84 21.53008
104 84 20.64009
106 84 20.09990
108 84 19.71999
110 84 19.03997
112 84 18.48006
114 84 18.17998
116 84 18.09001
118 84 17.19000
120 84 16.58003
122 84 15.89994
124 84 15.62010
126 84 14.42990
128 84 10.73995
130 84 9.73018
132 84 9.40987
134 84 9.59014
136 84 9.28990
138 84 8.93003
140 84 8.75992
142 84 8.64013
144 84 8.54992
146 84 8.05010
148 84 7.93981
150 84 7.38012
152 84 6.91002
154 84 6.11999
156 84 5.60005
158 84 5.59981
160 84 5.70001
162 84 5.24011
164 84 4.44001
166 84 4.74998
168 84 4.56000
170 84 4.38011
172 84 3.86992
174 84 3.51991
176 84 3.18008
178 84 2.74005
180 84 2.32994
182 84 2.30995
184 84 1.55994
186 84 -0.85998
188 84 -1.39981
190 84 -0.69025
192 84 -0.70996
194 84 -1.12985
102 86 22.54002
104 86 21.56009
106 86 20.68996
108 86 20.39006
110 86 19.94000
112 86 19.25992
114 86 18.71002
116 86 18.40997
118 86 18.07011
120 86 17.49999
122 86 16.88998
124 86 16.03995
126 86 15.32010
128 86 11.67992
130 86 10.67002
132 86 11.26997
134 86 10.98999
136 86 10.48007
138 86 9.97984
140 86 9.81009
142 86 9.86001
144 86 9.27993
146 86 9.05006
148 86 8.58012
150 86 8.20987
152 86 7.59006
154 86 6.67004
156 86 6.24996
158 86 6.38994
160 86 6.17993
162 86 5.99000
164 86 5.25009
166 86 5.07992
168 86 5.31008
170 86 4.95991
172 86 4.41011
174 86 4.25994
176 86 3.83999
178 86 3.30015
180 86 2.67980
182 86 2.68002
184 86 2.15998
186 86 -0.17995
188 86 -0.59982
190 86 0.23996
192 86 0.32995
194 86 -0.50999
196 86 -0.74998
198 86 -0.93008
200 86 -0.81007
106 88 21.64003
108 88 20.87000
110 88 20.32987
112 88 20.16004
114 88 19.54995
116 88 19.15996
118 88 18.85017
120 88 18.21991
122 88 17.69007
124 88 16.85990
126 88 15.98000
128 88 12.61015
130 88 12.23985
132 88 12.66010
134 88 12.20987
136 88 11.63997
138 88 11.08009
140 88 10.98000
142 88 10.64995
144 88 10.23996
146 88 9.82006
148 88 9.38994
150 88 8.90006
152 88 8.35012
154 88 7.36991
156 88 6.90007
158 88 7.02006
160 88 6.85999
162 88 6.55989
164 88 5.93007
166 88 5.50986
168 88 5.89018
170 88 5.67001
172 88 5.12000
174 88 4.70979
176 88 4.48009
178 88 3.95007
180 88 3.10001
182 88 3.25982
184 88 2.74003
186 88 0.50007
188 88 0.22007
190 88 1.35993
192 88 0.85001
194 88 0.23004
196 88 0.20992
198 88 0.00001
200 88 -0.17988
202 88 -0.06994
204 88 -0.18018
110 90 20.89008
112 90 20.72997
114 90 20.44005
116 90 19.79987
118 90 19.56007
120 90 19.15012
122 90 18.36994
124 90 17.64992
126 90 16.73013
128 90 13.54997
130 90 13.82997
132 90 13.75002
134 90 13.34007
136 90 12.70996
138 90 12.25993
140 90 12.06998
142 90 11.75004
144 90 11.05005
146 90 10.62983
148 90 10.16005
150 90 9.67005
152 90 9.10989
154 90 8.11011
156 90 7.59000
158 90 7.67998
160 90 7.36002
162 90 7.37992
164 90 6.42017
166 90 5.99988
168 90 6.50005
170 90 6.30000
172 90 5.66986
174 90 5.27001
176 90 5.16019
178 90 4.54984
180 90 3.67998
182 90 3.83006
184 90 3.33010
186 90 1.16982
188 90 1.18024
190 90 2.12980
192 90 1.55995
194 90 0.72024
196 90 1.27984
198 90 0.82019
200 90 0.37977
202 90 1.13017
204 90 0.29002
206 90 0.29984
208 90 -0.09991
114 92 21.09997
116 92 20.60992
118 92 20.27011
120 92 19.79988
122 92 19.05997
124 92 18.47008
126 92 17.48009
128 92 14.62002
130 92 15.02994
132 92 14.74006
134 92 14.37993
136 92 13.81989
138 92 13.65999
140 92 13.15020
142 92 12.69978
144 92 11.96002
146 92 11.41009
148 92 10.97991
150 92 10.39004
152 92 9.88998
154 92 8.92002
156 92 8.32006
158 92 8.24998
160 92 8.25993
162 92 7.86016
164 92 6.98981
166 92 6.78017
168 92 6.72993
170 92 6.85010
172 92 6.36992
174 92 5.84986
176 92 5.77002
178 92 5.19017
180 92 4.18984
182 92 4.47002
184 92 3.91999
186 92 1.82012
188 92 2.30005
190 92 2.68996
192 92 2.05995
194 92 2.17987
196 92 1.93023
198 92 1.41977
200 92 1.23003
202 92 1.25004
204 92 1.37008
206 92 0.92999
208 92 0.46989
210 92 0.45023
212 92 -0.35017
118 94 20.93994
120 94 20.46009
122 94 19.86987
124 94 19.21005
126 94 18.26013
128 94 15.78995
130 94 15.90990
132 94 15.57015
134 94 15.33000
136 94 15.20986
138 94 14.68004
140 94 14.26989
142 94 13.61014
144 94 12.85999
146 94 12.38007
148 94 11.74997
150 94 11.29985
152 94 10.66021
154 94 9.67986
156 94 9.16002
158 94 8.86993
160 94 8.95996
162 94 8.55006
164 94 7.67995
166 94 7.35011
168 94 7.17005
170 94 7.25985
172 94 7.01009
174 94 6.49993
176 94 6.44016
178 94 5.84995
180 94 4.68984
182 94 5.02010
184 94 4.52993
186 94 2.50019
188 94 3.25980
190 94 3.27003
192 94 3.16016
194 94 2.84982
196 94 2.46016
198 94 2.43993
200 94 2.05998
202 94 2.00989
204 94 1.62015
206 94 1.43989
208 94 1.27007
210 94 0.98997
212 94 0.29010
214 94 0.00006
216 94 -0.14015
218 94 -0.13004
122 96 20.70003
124 96 20.09006
126 96 18.99990
128 96 16.80994
130 96 16.68017
132 96 16.40999
134 96 16.64990
136 96 16.16002
138 96 15.60995
140 96 15.13994
142 96 14.58016
144 96 13.82002
146 96 13.30995
148 96 12.66991
150 96 12.21018
152 96 11.55989
154 96 10.39999
156 96 9.88996
158 96 9.77010
160 96 9.57993
162 96 9.24995
164 96 8.33001
166 96 7.88994
168 96 7.83015
170 96 7.74984
172 96 7.49023
174 96 7.10995
176 96 7.06983
178 96 6.52024
180 96 5.42998
182 96 5.41996
184 96 5.13001
186 96 3.38005
188 96 3.97980
190 96 3.87017
192 96 3.79982
194 96 3.62018
196 96 3.52997
198 96 3.12007
200 96 2.75973
202 96 2.69003
204 96 2.17010
206 96 2.08000
208 96 1.85006
210 96 1.47994
212 96 0.88993
214 96 0.61012
216 96 0.49990
218 96 0.43997
220 96 0.12001
222 96 -0.63992
126 98 19.84004
128 98 17.67994
130 98 17.46014
132 98 17.95983
134 98 17.39003
136 98 16.68011
138 98 16.48994
140 98 16.06999
142 98 15.59011
144 98 14.75994
146 98 14.14003
148 98 13.59993
150 98 13.13009
152 98 12.42994
154 98 11.19005
156 98 10.72984
158 98 10.52002
160 98 10.41003
162 98 9.93013
164 98 9.03989
166 98 8.44014
168 98 8.47992
170 98 8.27995
172 98 8.17993
174 98 7.78005
176 98 7.44004
178 98 7.17011
180 98 6.03976
182 98 6.03026
184 98 5.68981
186 98 4.22994
188 98 4.46009
190 98 4.71992
192 98 4.64027
194 98 4.35989
196 98 4.12992
198 98 3.78990
200 98 3.53002
202 98 3.46023
204 98 2.68994
206 98 2.59988
208 98 2.25997
210 98 2.00001
212 98 1.54005
214 98 1.26001
216 98 1.19009
218 98 1.08985
220 98 0.68024
222 98 -0.03022
224 98 -0.31994
226 98 -0.45004
128 100 13.50004
130 100 23.37991
132 100 18.80000
134 100 18.30999
136 100 17.60008
138 100 17.19001
140 100 16.88004
142 100 16.37984
144 100 15.66001
146 100 15.09014
148 100 14.45996
150 100 14.02997
152 100 13.33003
154 100 12.07987
156 100 11.48020
158 100 11.33991
160 100 11.23999
162 100 10.78008
164 100 9.73988
166 100 9.08016
168 100 9.20994
170 100 8.73001
172 100 8.83991
174 100 8.47001
176 100 7.83002
178 100 7.84998
180 100 6.69002
182 100 6.62003
184 100 6.33988
186 100 4.92015
188 100 5.06996
190 100 5.45992
192 100 5.40010
194 100 4.91991
196 100 4.69016
198 100 4.53992
200 100 4.43987
202 100 4.04014
204 100 3.38994
206 100 3.02994
208 100 2.69018
210 100 2.43981
212 100 2.17017
214 100 1.95995
216 100 1.87012
218 100 1.72983
220 100 1.32018
222 100 0.61994
224 100 0.25997
226 100 0.14005
228 100 -0.09006
230 100 -0.33998
132 102 23.86982
134 102 19.15018
136 102 18.50983
138 102 17.79000
140 102 17.61009
142 102 17.18998
144 102 16.46000
146 102 15.90990
148 102 15.41011
150 102 14.98006
152 102 14.23984
154 102 12.96011
156 102 12.40010
158 102 12.29991
160 102 12.12990
162 102 11.68021
164 102 10.55995
166 102 9.78988
168 102 9.72002
170 102 9.36002
172 102 9.50992
174 102 9.17021
176 102 8.44999
178 102 8.32996
180 102 7.28004
182 102 7.34992
184 102 6.96982
186 102 5.60003
188 102 5.60019
190 102 5.99005
192 102 6.04992
194 102 5.58997
196 102 5.38992
198 102 5.24996
200 102 5.01015
202 102 4.70009
204 102 3.94988
206 102 3.43001
208 102 3.21996
210 102 3.14010
212 102 2.65999
214 102 2.68992
216 102 2.53987
218 102 2.29005
220 102 1.94020
222 102 1.47980
224 102 0.93002
226 102 0.74014
228 102 0.51981
230 102 0.12025
232 102 0.03983
234 102 -0.52983
236 102 -0.08010
136 104 19.29000
138 104 18.56011
140 104 18.25987
142 104 18.02002
144 104 17.25010
146 104 16.75998
148 104 16.32996
150 104 15.88993
152 104 15.14017
154 104 13.92996
156 104 13.35992
158 104 13.17999
160 104 13.05002
162 104 12.56999
164 104 11.34003
166 104 10.39997
168 104 10.38997
170 104 10.05016
172 104 10.19004
174 104 9.90990
176 104 9.13006
178 104 8.79997
180 104 8.04985
182 104 7.97999
184 104 7.58023
186 104 6.23992
188 104 6.09993
190 104 6.24013
192 104 6.64980
194 104 6.31007
196 104 6.05014
198 104 5.90004
200 104 5.73997
202 104 5.30987
204 104 4.48015
206 104 4.06982
208 104 3.90007
210 104 3.66006
212 104 3.27978
214 104 3.40000
216 104 3.16014
218 104 2.89016
220 104 2.51970
222 104 2.14022
224 104 1.52990
226 104 1.36993
228 104 0.95998
230 104 0.83010
232 104 0.61985
234 104 0.24013
140 106 18.98006
142 106 18.69000
144 106 18.05991
146 106 17.64998
148 106 17.22008
150 106 16.78990
152 106 16.00993
154 106 14.82000
156 106 14.26003
158 106 14.08001
160 106 13.90004
162 106 13.42008
164 106 12.09993
166 106 11.07998
168 106 10.94010
170 106 10.83998
172 106 11.01992
174 106 10.63007
176 106 9.76992
178 106 9.42998
180 106 8.85005
182 106 8.63990
184 106 8.17005
186 106 6.75015
188 106 6.54998
190 106 6.70985
192 106 6.97998
194 106 6.95010
196 106 6.76994
198 106 6.57017
200 106 6.33991
202 106 5.90993
204 106 5.21002
206 106 4.64990
208 106 4.50004
210 106 4.35998
212 106 4.20996
214 106 3.76015
216 106 3.55013
218 106 3.48979
220 106 3.08996
222 106 2.70013
224 106 2.25003
226 106 1.78980
228 106 1.74016
230 106 1.44009
232 106 1.25980
144 108 18.87990
146 108 18.50007
148 108 18.05995
150 108 17.58997
152 108 16.83009
154 108 15.76994
156 108 15.20005
158 108 15.00009
160 108 14.80990
162 108 14.15010
164 108 12.99984
166 108 11.75997
168 108 11.44015
170 108 11.85987
172 108 11.83014
174 108 11.35985
176 108 10.60999
178 108 10.01999
180 108 9.65002
182 108 9.33018
184 108 8.77004
186 108 7.16995
188 108 6.99005
190 108 -0.54021
192 108 14.77010
194 108 7.58989
196 108 7.39018
198 108 7.16008
200 108 6.99989
202 108 6.54011
204 108 5.70971
206 108 5.35031
208 108 5.19998
210 108 4.96999
212 108 4.81995
214 108 4.41995
216 108 4.06995
218 108 3.84991
220 108 3.68013
222 108 3.41009
224 108 2.71001
226 108 2.67984
228 108 2.92996
230 108 1.97002
148 110 18.90005
150 110 18.32005
152 110 17.61998
154 110 16.61000
156 110 16.13988
158 110 15.88007
160 110 15.61010
162 110 15.15987
164 110 13.84008
166 110 12.58006
168 110 12.26003
170 110 12.91986
172 110 12.52010
174 110 12.15008
176 110 11.43993
178 110 10.82990
180 110 10.50993
182 110 10.01005
184 110 9.38017
186 110 7.72989
188 110 7.24012
190 110 7.36988
192 110 7.55999
194 110 7.88003
196 110 7.91007
198 110 7.78000
200 110 7.57984
202 110 7.05009
204 110 6.32994
206 110 5.87012
208 110 5.86006
210 110 5.60979
212 110 5.37024
214 110 4.93988
216 110 4.65995
218 110 4.59005
220 110 4.32982
222 110 3.81021
224 110 3.72009
226 110 3.32972
228 110 4.81000
152 112 18.27009
154 112 17.46016
156 112 17.00982
158 112 16.72008
160 112 16.36999
162 112 15.87002
164 112 14.66986
166 112 13.58020
168 112 13.66003
170 112 13.90990
172 112 13.38006
174 112 12.86979
176 112 12.18006
178 112 11.96013
180 112 11.32983
182 112 10.72019
184 112 9.94977
186 112 8.39024
188 112 7.78000
190 112 7.57982
192 112 7.71999
194 112 7.76000
196 112 8.82995
198 112 8.32029
200 112 8.12999
202 112 7.63979
204 112 6.78995
206 112 6.43017
208 112 6.31011
210 112 6.13997
212 112 5.86992
214 112 5.56989
216 112 5.57019
218 112 5.18985
220 112 4.68985
222 112 4.66027
224 112 4.60990
226 112 5.44000
158 114 17.44016
160 114 17.06978
162 114 16.55999
164 114 16.53002
166 114 15.38010
168 114 14.66988
170 114 14.10015
172 114 13.94986
174 114 13.69022
176 114 13.19995
178 114 12.70003
180 114 11.84000
182 114 11.30003
184 114 10.52987
186 114 9.04002
188 114 8.42014
190 114 8.21978
192 114 8.06993
194 114 8.31015
196 114 8.41989
198 114 11.66008
200 114 6.18987
202 114 8.21015
204 114 7.31011
206 114 6.92981
208 114 6.79994
210 114 6.60026
212 114 6.53999
214 114 6.23982
216 114 6.08000
218 114 5.74993
220 114 5.54015
222 114 5.64011
224 114 6.07988
162 116 17.71001
164 116 17.21994
166 116 15.98000
168 116 15.78005
170 116 15.20984
172 116 14.57998
174 116 14.09014
176 116 13.92996
178 116 13.12003
180 116 12.42006
182 116 11.88979
184 116 11.17024
186 116 9.71002
188 116 9.08983
190 116 8.89003
192 116 9.25003
194 116 9.15990
196 116 8.93009
198 116 9.01014
200 116 9.98979
202 116 8.74003
204 116 7.83020
206 116 7.41975
208 116 7.30018
210 116 7.10979
212 116 7.07024
214 116 7.02981
216 116 6.77002
218 116 6.45990
220 116 6.34026
222 116 6.16999
166 118 16.78001
168 118 16.48995
170 118 15.97010
172 118 15.39003
174 118 14.87013
176 118 14.10989
178 118 14.02007
180 118 12.90989
182 118 12.39990
184 118 11.78009
186 118 10.39998
188 118 9.75000
190 118 10.33995
192 118 10.24997
194 118 9.94017
196 118 9.66994
198 118 13.14995
200 118 6.86008
202 118 9.22997
204 118 8.40988
206 118 6.77014
208 118 8.00987
210 118 8.53013
212 118 7.73000
214 118 8.36998
216 118 6.75999
218 118 6.71993
220 118 7.10009
170 120 16.58997
172 120 15.95023
174 120 15.67002
176 120 14.76994
178 120 14.46000
180 120 13.57003
182 120 13.03997
184 120 12.40983
186 120 11.06006
188 120 11.70012
190 120 11.43984
192 120 10.90992
194 120 10.62008
196 120 10.35011
198 120 9.94005
200 120 9.64984
202 120 9.54994
204 120 8.92009
206 120 8.91006
208 120 8.65005
210 120 8.42005
212 120 10.02995
214 120 7.74997
216 120 7.39005
218 120 7.16999
174 122 15.52001
176 122 15.45994
178 122 15.21015
180 122 14.41015
182 122 13.74988
184 122 13.01987
186 122 11.73014
188 122 13.23002
190 122 12.08004
192 122 11.59988
194 122 11.29997
196 122 11.02992
198 122 10.66004
200 122 10.52992
202 122 10.19013
204 122 9.76005
206 122 9.29010
208 122 9.33980
210 122 10.74000
212 122 8.59000
214 122 8.36024
216 122 8.05989
178 124 15.98018
180 124 14.11986
182 124 14.37009
184 124 13.63001
186 124 13.58995
188 124 13.49989
190 124 16.36008
192 124 8.64005
194 124 11.94990
196 124 11.74009
198 124 11.53003
200 124 11.50997
202 124 12.57990
204 124 10.13026
206 124 9.58970
208 124 9.43022
210 124 9.36999
212 124 10.47990
214 124 8.90014
182 126 14.66978
184 126 18.16025
186 126 14.39979
188 126 14.12009
190 126 13.59001
192 126 12.72989
194 126 12.16016
196 126 14.63997
198 126 12.41006
200 126 6.07996
202 126 13.28996
204 126 10.72006
206 126 10.17986
208 126 10.07011
210 126 9.99982
212 126 9.66001
188 128 14.84007
190 128 14.21988
192 128 13.42005
194 128 12.81989
196 128 12.49017
198 128 16.09003
200 128 12.46992
202 128 7.59010
204 128 11.30995
206 128 10.85992
208 128 10.70002
210 128 10.63994
192 130 14.06993
194 130 13.57025
196 130 13.02991
198 130 12.82012
200 130 12.53997
202 130 12.75989
204 130 12.00006
206 130 11.49994
208 130 11.32011
196 132 13.86981
198 132 13.51014
200 132 13.11000
202 132 13.34994
204 132 12.61014
206 132 12.19991
200 134 13.94989
202 134 13.61983
204 134 13.51023
