10 8 -1.62285
12 8 0.42365
14 8 2.24596
16 8 1.76639
10 10 2.06172
12 10 -0.03456
14 10 -0.57059
16 10 0.12152
18 10 -0.97235
20 10 0.39519
10 12 1.44993
12 12 1.43924
14 12 -0.88634
16 12 0.9367
18 12 -1.43532
20 12 -0.42327
22 12 0.22923
12 14 1.26191
14 14 1.88082
16 14 -0.28725
18 14 -0.38939
20 14 -0.81152
22 14 -1.39161
24 14 -0.06259
26 14 0.50829
14 16 0.70839
16 16 0.04577
18 16 0.04875
20 16 -0.4651
22 16 -1.27021
24 16 0.318
26 16 0.60355
28 16 -0.48868
16 18 0.18964
18 18 0.18696
20 18 -1.08433
22 18 -1.43202
24 18 -0.0346
26 18 1.21304
28 18 1.34968
18 20 -0.32745
20 20 0.02966
22 20 -1.77656
24 20 0.02401
26 20 0.58921
28 20 2.24174
30 20 0.52931
32 20 0.47095
20 22 0.03395
22 22 0.39953
24 22 0.33758
26 22 -0.56305
28 22 0.85156
30 22 0.1708
32 22 0.71217
34 22 -0.00499
24 24 0.45806
26 24 -0.25703
28 24 -0.32997
30 24 1.15827
32 24 -0.25866
34 24 -0.07385
36 24 -0.48824
38 24 -0.07673
26 26 0.22871
28 26 -0.50652
30 26 0.92551
32 26 0.3107
34 26 -0.13892
36 26 -0.35848
38 26 -0.73746
40 26 -0.64452
42 26 -0.39275
28 28 0.88552
30 28 -0.12332
32 28 0.40708
34 28 0.64661
36 28 -0.54418
38 28 -0.15032
40 28 -0.42986
42 28 -0.58133
44 28 -0.26695
30 30 1.11269
32 30 0.32628
34 30 -0.0752
36 30 -0.54151
38 30 -0.54958
40 30 -0.69995
42 30 -0.11058
44 30 0.41005
46 30 -0.05959
48 30 -0.20136
50 30 -0.09519
34 32 -0.32288
36 32 -0.54198
38 32 -0.01408
40 32 -0.66457
42 32 -0.02079
44 32 0.47326
46 32 -0.08821
48 32 0.08558
50 32 -0.2385
36 34 -0.59588
38 34 -0.21916
40 34 -0.29914
42 34 -0.25808
44 34 0.27672
46 34 -0.2035
48 34 0.10671
50 34 0.3204
52 34 0.48136
54 34 0.56025
38 36 -0.23674
40 36 -0.10452
42 36 0.03802
44 36 -0.27463
46 36 -0.24034
48 36 -0.08586
50 36 0.54718
52 36 0.61919
54 36 1.13036
56 36 -0.53217
40 38 -0.21729
42 38 0.46689
44 38 -0.14719
46 38 -0.60192
48 38 -0.19766
50 38 1.05079
52 38 0.39259
54 38 1.07867
56 38 0.13535
58 38 -1.25881
60 38 -1.15062
62 38 0.07619
64 38 0.44085
48 40 -0.30862
50 40 0.75672
52 40 0.14934
54 40 1.42549
56 40 0.33859
58 40 -0.95322
60 40 -1.20992
62 40 -0.14924
46 42 -0.88357
48 42 -0.64029
50 42 0.23043
52 42 0.12738
54 42 0.96333
56 42 0.03392
58 42 -0.22476
60 42 -0.47425
62 42 -0.13621
64 42 0.38904
52 44 0.19683
54 44 1.07502
56 44 -0.34286
58 44 0.19172
60 44 -0.14653
62 44 -0.07413
64 44 -0.10661
66 44 -0.19847
68 44 -0.02541
52 46 0.00317
54 46 1.01892
56 46 0.0615
58 46 -0.37235
60 46 0.04504
62 46 0.10437
64 46 -0.18245
66 46 -0.0201
68 46 -0.26716
70 46 0.14676
72 46 0.00757
74 46 -0.07403
52 48 -0.23813
54 48 0.85071
56 48 0.17946
58 48 0.02043
60 48 0.0124
62 48 -0.02669
64 48 -0.00991
66 48 -0.0169
68 48 -0.03884
70 48 0.1418
72 48 0.04802
74 48 -0.32103
76 48 -0.13703
78 48 -0.18061
80 48 -0.42586
82 48 -0.43625
52 50 -0.41773
54 50 0.19484
56 50 0.40618
58 50 0.38839
60 50 0.13553
62 50 0.06003
64 50 0.06219
66 50 -0.02011
68 50 0.0307
70 50 -0.10847
72 50 -0.10641
74 50 -0.03662
76 50 0.00635
78 50 0.05681
80 50 0.05695
82 50 0.63796
84 50 -0.47581
56 52 -0.04988
58 52 0.12787
60 52 -0.28321
62 52 -0.01007
64 52 -0.02708
66 52 -0.02523
68 52 -0.18389
70 52 -0.00775
72 52 -0.04694
74 52 -0.11737
76 52 -0.06973
78 52 -0.44816
80 52 -0.30644
82 52 0.42992
84 52 -0.24165
58 54 -0.52532
60 54 0.05193
62 54 -0.25652
64 54 -0.0251
66 54 -0.09393
68 54 0.13519
70 54 0.16767
72 54 -0.11903
74 54 0.21422
76 54 0.16431
78 54 -0.36868
80 54 -0.80324
82 54 -0.00676
84 54 0.36845
86 54 0.55263
88 54 0.1467
66 56 -0.03703
68 56 -0.0566
70 56 0.05285
72 56 0.13419
74 56 -0.06738
76 56 0.45588
78 56 -0.12231
80 56 -0.7202
82 56 -0.31275
84 56 0.26246
86 56 0.68434
88 56 -0.26154
90 56 -0.45618
92 56 0.22594
70 58 0.01604
72 58 0.22167
74 58 0.04368
76 58 0.2747
78 58 0.09495
80 58 -0.49728
82 58 -0.59262
84 58 0.41789
86 58 0.46108
88 58 -0.69878
90 58 -0.00207
92 58 -0.48443
72 60 0.20226
74 60 0.02318
76 60 0.32555
78 60 0.0713
80 60 -0.43355
82 60 -0.63408
84 60 0.48082
86 60 0.42046
88 60 -0.72511
90 60 -0.47099
92 60 0.09094
94 60 0.18614
96 60 0.3414
76 62 0.03943
78 62 0.05079
80 62 -0.24045
82 62 -0.46828
84 62 0.44252
86 62 0.15297
88 62 -0.6822
90 62 -0.35593
92 62 -0.0045
94 62 0.27128
96 62 -0.00497
78 64 0.13983
80 64 0.15264
82 64 -0.53368
84 64 0.31526
86 64 0.19556
88 64 -0.79186
90 64 -0.2084
92 64 0.07148
94 64 0.27732
96 64 0.17443
98 64 -0.08861
80 66 -0.10775
82 66 -0.63196
84 66 0.29015
86 66 0.38997
88 66 -0.62354
90 66 -0.19572
92 66 0.08486
94 66 0.25852
96 66 0.16159
98 66 0.11888
100 66 -0.2504
102 66 -0.05335
84 68 0.15983
86 68 0.40466
88 68 -0.38666
90 68 -0.18655
92 68 -0.04263
94 68 0.06685
96 68 0.03955
98 68 0.0346
100 68 0.01783
102 68 -0.15953
104 68 -0.03254
84 70 -0.02922
86 70 0.48342
88 70 -0.25704
90 70 -0.0725
92 70 -0.05541
94 70 -0.03631
96 70 -0.15159
98 70 -0.07125
100 70 -0.03296
102 70 -0.02595
104 70 0.05182
106 70 -0.47298
108 70 0.00707
86 72 0.49446
88 72 -0.04423
90 72 -0.17153
92 72 0.02122
94 72 -0.06998
96 72 -0.1057
98 72 -0.13429
100 72 -0.10757
102 72 -0.13426
104 72 -0.19645
106 72 -0.41054
108 72 -0.04328
110 72 -0.05732
112 72 -0.24457
88 74 -0.22718
90 74 -0.01553
92 74 -0.14919
94 74 -0.06893
96 74 -0.05451
98 74 -0.08338
100 74 -0.05754
102 74 -0.19282
104 74 -0.24296
106 74 -0.20896
108 74 0.10571
110 74 0.00257
112 74 -0.12523
114 74 -0.13984
116 74 0.06196
90 76 -0.22861
92 76 -0.00516
94 76 -0.33026
96 76 -0.03715
98 76 -0.02898
100 76 -0.05589
102 76 -0.13903
104 76 -0.24457
106 76 -0.17715
108 76 0.05954
110 76 0.14617
112 76 0.22953
114 76 0.30253
116 76 -0.13324
118 76 -0.14516
120 76 0.38085
92 78 -0.13924
94 78 0.00796
96 78 -0.01914
98 78 -0.1987
100 78 -0.09727
102 78 -0.03941
104 78 -0.27402
106 78 -0.22452
108 78 -0.01491
110 78 0.40107
112 78 0.49309
114 78 -0.02799
116 78 0.0231
118 78 -0.03318
120 78 -0.37711
122 78 -0.29223
94 80 0.00258
96 80 0.13437
98 80 0.01025
100 80 -0.02942
102 80 -0.14594
104 80 -0.14447
106 80 -0.11719
108 80 -0.01484
110 80 0.03139
112 80 0.07352
114 80 0.10414
116 80 -0.0035
118 80 0.03024
120 80 0.0124
122 80 -0.22577
124 80 0.12712
126 80 -0.11203
98 82 -0.06046
100 82 -0.07026
102 82 -0.11825
104 82 -0.13147
106 82 -0.07304
108 82 -0.09605
110 82 -0.05831
112 82 -0.03562
114 82 -0.00435
116 82 0.05225
118 82 0.10556
120 82 0.11297
122 82 0.1287
124 82 0.13844
126 82 0.5856
128 82 -0.66738
130 82 0.17157
132 82 0.30639
106 84 0.06742
108 84 -0.06927
110 84 0.03648
112 84 0.13202
114 84 -0.03841
116 84 -0.46629
118 84 -0.07756
120 84 -0.02809
122 84 0.09086
124 84 -0.18982
126 84 0.19629
128 84 -0.18088
130 84 0.51291
132 84 0.47913
134 84 -0.02217
112 86 0.08379
114 86 0.20783
116 86 0.00164
118 86 -0.21835
120 86 -0.22602
122 86 -0.21487
124 86 0.05272
126 86 -0.11586
128 86 0.12294
130 86 0.89726
132 86 -0.08936
134 86 -0.24315
136 86 -0.09763
116 88 0.1415
118 88 -0.21816
120 88 -0.22627
122 88 -0.29453
124 88 -0.06485
126 88 -0.12917
128 88 0.34191
130 88 0.54276
132 88 -0.13918
134 88 -0.11584
136 88 -0.00308
138 88 0.22056
140 88 -0.11007
142 88 -0.08333
122 90 -0.27563
124 90 -0.12827
126 90 -0.1799
128 90 0.52269
130 90 0.018
132 90 -0.1413
134 90 0.00912
136 90 0.2319
138 90 0.3076
140 90 -0.01915
142 90 -0.19171
144 90 -0.07342
134 92 0.14761
136 92 0.42683
138 92 0.09256
140 92 -0.00355
142 92 -0.09305
144 92 -0.11712
146 92 -0.1301
148 92 -0.24343
136 94 0.08727
138 94 0.03076
140 94 -0.11127
142 94 -0.02071
144 94 0.02079
146 94 -0.19968
148 94 -0.19893
150 94 -0.24418
152 94 -0.10721
144 96 -0.00689
146 96 -0.24712
148 96 -0.17585
150 96 -0.23213
152 96 -0.19099
154 96 0.14572
146 98 -0.13891
148 98 -0.06985
150 98 -0.13545
152 98 -0.21937
154 98 0.0904
156 98 0.10612
148 100 -0.08312
150 100 -0.05465
152 100 0.06878
154 100 -0.02404
156 100 0.0806
152 102 0.05948
154 102 0.08303
