4 2 0.975454
6 2 2.125046
8 2 -1.444820
4 4 29.575998
6 4 8.476820
8 4 3.672364
10 4 1.265894
12 4 -1.349998
4 6 35.508228
6 6 31.841308
8 6 13.122738
10 6 5.468398
12 6 4.917494
14 6 3.558342
16 6 0.034994
6 8 40.049468
8 8 28.887404
10 8 12.188450
12 8 11.563654
14 8 10.655762
16 8 6.925278
18 8 -0.018012
8 10 34.811794
10 10 28.502174
12 10 17.125430
14 10 14.069570
16 10 9.709860
18 10 5.324028
20 10 4.162242
10 12 34.020242
12 12 29.676274
14 12 18.423604
16 12 14.946944
18 12 10.007616
20 12 8.087700
22 12 6.990380
24 12 4.085824
12 14 34.028840
14 14 30.494424
16 14 19.082788
18 14 15.787356
20 14 12.021818
22 14 8.621890
24 14 7.876818
26 14 6.542658
14 16 34.275090
16 16 28.098918
18 16 20.058804
20 16 16.875072
22 16 12.339712
24 16 12.119284
26 16 10.942534
28 16 7.709126
14 18 39.274136
16 18 32.320592
18 18 27.995876
20 18 20.625916
22 18 16.467720
24 18 15.525386
26 18 14.393214
28 18 13.242314
30 18 8.651062
18 20 31.749990
20 20 28.930486
22 20 19.843526
24 20 19.064054
26 20 17.813334
28 20 17.227894
30 20 11.507222
32 20 10.819662
34 20 7.036972
20 22 32.396934
22 22 28.586506
24 22 22.721866
26 22 20.507542
28 22 19.081612
30 22 14.180784
32 22 12.294806
34 22 9.840670
24 24 29.493054
26 24 23.582688
28 24 21.299828
30 24 17.658142
32 24 14.492878
34 24 12.849436
36 24 10.820416
38 24 10.367978
40 24 8.727434
26 26 29.996548
28 26 24.066780
30 26 20.495196
32 26 17.690676
34 26 15.400560
36 26 13.607624
38 26 12.234148
40 26 11.240952
42 26 9.561680
28 28 30.771896
30 28 22.463798
32 28 20.387018
34 28 18.415846
36 28 16.495218
38 28 15.050024
40 28 13.600160
42 28 11.892682
44 28 11.154822
30 30 28.018248
32 30 23.136266
34 30 20.978654
36 30 19.037792
38 30 17.250528
40 30 15.700320
42 30 14.723400
44 30 13.753836
46 30 12.688952
48 30 11.322814
50 30 10.308038
52 30 6.807994
34 32 23.434170
36 32 21.514406
38 32 19.725752
40 32 18.166640
42 32 16.979160
44 32 15.933136
46 32 14.791778
48 32 13.815886
50 32 12.022392
52 32 8.876024
54 32 7.394078
36 34 23.883114
38 34 22.080898
40 34 20.487702
42 34 19.181342
44 34 17.916616
46 34 16.876172
48 34 15.977032
50 34 14.496540
52 34 10.698080
54 34 9.523660
56 34 8.058588
38 36 24.533844
40 36 22.824520
42 36 21.307232
44 36 19.857676
46 36 18.841110
48 36 17.990114
50 36 16.969030
52 36 12.568218
54 36 11.410598
56 36 9.952698
58 36 8.721106
60 36 7.874582
40 38 25.068884
42 38 23.280192
44 38 21.841196
46 38 20.782132
48 38 20.016208
50 38 19.541144
52 38 14.169120
54 38 13.061872
56 38 12.121044
58 38 10.221044
60 38 9.641570
62 38 9.540390
64 38 8.481040
44 40 23.933004
46 40 22.689950
48 40 21.802518
50 40 21.286306
52 40 15.829166
54 40 14.952918
56 40 14.312098
58 40 11.990512
60 40 11.233396
62 40 11.352910
64 40 10.278998
66 40 8.968492
46 42 24.718930
48 42 23.628616
50 42 22.778640
52 42 17.748142
54 42 16.523450
56 42 15.463712
58 42 14.219736
60 42 13.515700
62 42 12.926460
64 42 11.927226
66 42 10.764066
68 42 9.929288
48 44 25.559996
50 44 24.425018
52 44 19.639418
54 44 18.287122
56 44 17.145226
58 44 16.021654
60 44 15.131942
62 44 14.370144
64 44 13.480660
66 44 12.553910
68 44 11.700894
70 44 10.733656
72 44 9.989668
50 46 26.223812
52 46 21.280182
54 46 20.034498
56 46 18.832980
58 46 17.634612
60 46 16.654960
62 46 15.759332
64 46 14.949336
66 46 14.133268
68 46 13.312052
70 46 12.483340
72 46 11.699716
74 46 11.034004
76 46 10.478750
52 48 22.700790
54 48 21.607662
56 48 20.451326
58 48 19.306400
60 48 18.262964
62 48 17.238198
64 48 16.369510
66 48 15.582722
68 48 14.840118
70 48 14.131812
72 48 13.398348
74 48 12.797692
76 48 12.231888
78 48 11.697782
80 48 11.127670
82 48 10.018388
52 50 23.794460
54 50 22.834884
56 50 21.869284
58 50 20.858888
60 50 19.914654
62 50 18.955646
64 50 18.047308
66 50 17.108932
68 50 16.269438
70 50 15.588146
72 50 14.985614
74 50 14.435550
76 50 13.923694
78 50 13.489414
80 50 12.912768
82 50 12.557024
84 50 6.029810
56 52 23.704566
58 52 22.590782
60 52 21.480374
62 52 20.463668
64 52 19.523000
66 52 18.570336
68 52 17.814052
70 52 17.089000
72 52 16.353516
74 52 15.682652
76 52 15.071008
78 52 14.501864
80 52 13.977900
82 52 13.488142
84 52 8.034182
86 52 7.413420
88 52 7.022816
58 54 24.246368
60 54 23.202202
62 54 22.103374
64 54 21.175014
66 54 20.235962
68 54 19.325288
70 54 18.449052
72 54 17.628106
74 54 16.855978
76 54 16.162886
78 54 15.541074
80 54 14.989562
82 54 14.445902
84 54 9.685652
86 54 9.156960
88 54 8.385818
90 54 7.785298
92 54 7.225294
64 56 71.411076
66 56 21.862952
68 56 20.623448
70 56 19.722788
72 56 18.851212
74 56 18.025690
76 56 17.316130
78 56 16.657414
80 56 16.079766
82 56 15.517280
84 56 11.150440
86 56 10.715482
88 56 10.067494
90 56 9.322596
92 56 8.789296
70 58 20.856018
72 58 20.031680
74 58 19.190536
76 58 18.504698
78 58 17.818046
80 58 17.205266
82 58 16.647754
84 58 12.599702
86 58 12.041358
88 58 11.346218
90 58 10.905618
92 58 10.591024
72 60 20.972230
74 60 20.363172
76 60 19.695540
78 60 18.961644
80 60 18.383224
82 60 17.833760
84 60 13.940508
86 60 13.320664
88 60 12.624764
90 60 12.414354
92 60 12.612210
94 60 11.818308
96 60 10.791228
76 62 20.829488
78 62 20.100736
80 62 19.673224
82 62 19.121752
84 62 15.173346
86 62 14.482562
88 62 13.857466
90 62 13.854122
92 62 13.835318
94 62 13.047878
96 62 12.032458
98 62 11.127074
78 64 21.319852
80 64 20.942576
82 64 20.468948
84 64 16.326148
86 64 15.637326
88 64 15.085602
90 64 15.141632
92 64 14.971648
94 64 14.297170
96 64 13.394838
98 64 12.481430
80 66 22.127536
82 66 21.447212
84 66 17.592786
86 66 16.950882
88 66 16.418634
90 66 16.277682
92 66 16.020992
94 66 15.408100
96 66 14.651394
98 66 13.929062
100 66 12.759384
102 66 12.117568
80 68 23.299664
82 68 22.494834
84 68 18.811798
86 68 18.247320
88 68 17.749280
90 68 17.234660
92 68 16.903052
94 68 16.412954
96 68 15.750966
98 68 15.125914
100 68 14.207774
102 68 13.260062
104 68 12.517490
84 70 19.804334
86 70 19.476310
88 70 18.887158
90 70 18.295046
92 70 17.806410
94 70 17.333614
96 70 16.721042
98 70 16.128678
100 70 15.324666
102 70 14.634258
104 70 13.831590
106 70 12.689582
108 70 12.346738
86 72 20.428208
88 72 19.979192
90 72 19.372640
92 72 18.792056
94 72 18.183212
96 72 17.644196
98 72 17.035846
100 72 16.291046
102 72 15.584946
104 72 14.874442
106 72 14.001492
108 72 13.486724
110 72 12.412934
112 72 11.592514
114 72 11.067324
88 74 20.815482
90 74 20.379126
92 74 19.794940
94 74 19.147676
96 74 18.540416
98 74 17.948940
100 74 17.272444
102 74 16.557168
104 74 15.908034
106 74 15.371814
108 74 14.752496
110 74 13.602112
112 74 12.945618
114 74 12.301990
116 74 11.857094
90 76 21.152052
92 76 20.706312
94 76 20.073672
96 76 19.460276
98 76 18.894178
100 76 18.245290
102 76 17.588832
104 76 16.956164
106 76 16.393996
108 76 15.786072
110 76 14.889998
112 76 14.279866
114 76 13.713328
116 76 13.317040
118 76 12.695468
120 76 11.984616
92 78 21.434480
94 78 20.950364
96 78 20.353874
98 78 19.758234
100 78 19.206264
102 78 18.581124
104 78 17.875248
106 78 17.308388
108 78 16.672858
110 78 16.099102
112 78 15.628094
114 78 15.124602
116 78 14.614282
118 78 14.027130
120 78 13.402016
122 78 12.837900
124 78 12.235520
94 80 21.724764
96 80 21.286624
98 80 20.673574
100 80 20.077186
102 80 19.469104
104 80 18.914624
106 80 18.332832
108 80 17.805416
110 80 17.311454
112 80 16.783442
114 80 16.315146
116 80 15.784506
118 80 15.270972
120 80 14.691704
122 80 13.984700
124 80 13.487480
126 80 12.398252
128 80 8.462296
98 82 21.658260
100 82 21.026424
102 82 20.368976
104 82 19.773142
106 82 19.275942
108 82 18.744026
110 82 18.281938
112 82 17.794644
114 82 17.282960
116 82 16.861810
118 82 16.326138
120 82 15.832300
122 82 15.311828
124 82 14.818444
126 82 14.105652
128 82 9.122426
130 82 8.962978
132 82 8.776688
104 84 20.787878
106 84 20.162256
108 84 19.649380
110 84 19.076636
112 84 18.611100
114 84 18.142942
116 84 17.610922
118 84 17.142610
120 84 16.542322
122 84 15.990050
124 84 15.423482
126 84 14.626196
128 84 10.558856
130 84 10.243308
132 84 9.890080
134 84 9.568200
136 84 9.236176
138 84 8.919830
110 86 19.895258
112 86 19.343900
114 86 18.917048
116 86 18.412402
118 86 17.838294
120 86 17.305350
122 86 16.665298
124 86 16.091906
126 86 15.197314
128 86 11.802864
130 86 11.570084
132 86 11.178024
134 86 10.747944
136 86 10.382454
138 86 10.069890
140 86 9.840436
142 86 9.646400
116 88 19.160640
118 88 18.633836
120 88 17.980324
122 88 17.427744
124 88 16.784416
126 88 15.850898
128 88 12.944358
130 88 12.782612
132 88 12.523556
134 88 12.092504
136 88 11.636904
138 88 11.300884
140 88 10.870172
142 88 10.566636
144 88 10.161868
146 88 9.708974
120 90 18.766824
122 90 18.091184
124 90 17.558694
126 90 16.539154
128 90 14.074244
130 90 13.840344
132 90 13.608496
134 90 13.352100
136 90 12.938718
138 90 12.569346
140 90 12.050840
142 90 11.558576
144 90 10.976414
146 90 10.500378
126 92 17.314430
130 92 29.906866
132 92 14.693352
134 92 14.536056
136 92 14.249232
138 92 13.749812
140 92 13.148044
142 92 12.607206
144 92 11.842914
146 92 11.279526
148 92 10.735050
136 94 15.295526
138 94 14.714038
140 94 14.155602
142 94 13.591078
144 94 12.881032
146 94 12.180400
148 94 11.551054
150 94 11.053726
152 94 10.553734
140 96 15.012146
142 96 14.552484
144 96 13.863592
146 96 13.063086
148 96 12.494562
150 96 11.977578
152 96 11.366678
154 96 10.545956
144 98 14.746516
146 98 14.051468
148 98 13.530582
150 98 12.994898
152 98 12.210336
154 98 11.278444
156 98 10.835706
148 100 14.433492
150 100 13.968388
152 100 13.399076
154 100 12.055592
156 100 11.558512
152 102 14.290764
154 102 13.043916
154 104 14.023700
156 106 14.324350
158 108 14.569618
